----------------------------------------------------------------------------------------------------------------------------------------------------------------------------------------------------------------------------------------------------------------------------------------------------------------------------------------------------------------------------------------------------------------------------------------------------------------------------------------------------
| 955 | 930 | 814 | 986 | 877 | 962 | 981 | 857 | 908 | 911 | 988 | 913 | 840 | 811 | 804 | 970 | 879 | 865 | 977 | 964 | 922 | 807 | 941 | 947 | 955 | 870 | 811 | 834 | 858 | 929 | 844 | 971 | 912 | 942 | 871 | 940 | 878 | 811 | 991 | 931 | 973 | 801 | 809 | 929 | 843 | 980 | 821 | 998 | 944 | 931 | 973 | 961 | 841 | 840 | 885 | 865 | 862 | 894 | 991 | 949 | 904 | 997 | 976 | 843 | 885 | 866 | 902 | 965 | 927 | 976 | 975 | 898 | 835 | 959 | 892 | 871 | 994 | 985 | 894 | 811 |
----------------------------------------------------------------------------------------------------------------------------------------------------------------------------------------------------------------------------------------------------------------------------------------------------------------------------------------------------------------------------------------------------------------------------------------------------------------------------------------------------
   | 832 | 918 | 835 | 813 | 848 | 946 | 948 | 901 | 919 | 828 | 965 | 817 | 901 | 921 | 882 | 844 | 907 | 835 | 916 | 816 | 919 | 986 | 960 | 963 | 942 | 830 | 939 | 879 | 992 | 805 | 904 | 937 | 953 | 973 | 874 | 889 | 954 | 800 | 870 | 994 | 913 | 942 | 967 | 830 | 885 | 826 | 884 | 854 | 959 | 917 | 996 | 917 | 918 | 996 | 896 | 921 | 943 | 908 | 831 | 802 | 915 | 907 | 833 | 958 | 958 | 906 | 930 | 931 | 984 | 953 | 926 | 874 | 946 | 958 | 913 | 987 | 824 | 918 | 975 | 898 |
----------------------------------------------------------------------------------------------------------------------------------------------------------------------------------------------------------------------------------------------------------------------------------------------------------------------------------------------------------------------------------------------------------------------------------------------------------------------------------------------------
| 931 | 869 | 984 | 870 | 876 | 922 | 825 | 874 | 866 | 900 | 947 | 885 | 956 | 992 | 876 | 942 | 943 | 860 | 909 | 800 | 915 | 896 | 910 | 925 | 886 | 810 | 920 | 888 | 863 | 881 | 981 | 813 | 816 | 820 | 980 | 807 | 860 | 967 | 818 | 839 | 916 | 817 | 982 | 880 | 836 | 994 | 892 | 866 | 966 | 924 | 922 | 926 | 847 | 995 | 957 | 814 | 902 | 916 | 853 | 942 | 989 | 881 | 867 | 935 | 927 | 977 | 988 | 894 | 997 | 854 | 892 | 815 | 857 | 873 | 888 | 850 | 805 | 812 | 877 | 976 |
----------------------------------------------------------------------------------------------------------------------------------------------------------------------------------------------------------------------------------------------------------------------------------------------------------------------------------------------------------------------------------------------------------------------------------------------------------------------------------------------------
   | 821 | 956 | 914 | 915 | 965 | 897 | 841 | 917 | 812 | 951 | 971 | 861 | 844 | 959 | 828 | 904 | 952 | 969 | 800 | 937 | 905 | 886 | 833 | 922 | 963 | 921 | 978 | 862 | 890 | 854 | 817 | 864 | 969 | 858 | 933 | 964 | 862 | 857 | 993 | 861 | 844 | 996 | 927 | 831 | 817 | 806 | 893 | 851 | 904 | 873 | 895 | 800 | 942 | 903 | 823 | 955 | 864 | 888 | 826 | 935 | 984 | 970 | 936 | 952 | 855 | 957 | 930 | 950 | 967 | 919 | 810 | 973 | 987 | 962 | 921 | 893 | 992 | 915 | 900 | 885 |
----------------------------------------------------------------------------------------------------------------------------------------------------------------------------------------------------------------------------------------------------------------------------------------------------------------------------------------------------------------------------------------------------------------------------------------------------------------------------------------------------
| 841 | 816 | 867 | 952 | 952 | 834 | 847 | 984 | 852 | 941 | 971 | 951 | 951 | 943 | 803 | 807 | 942 | 918 | 847 | 821 | 852 | 990 | 805 | 936 | 955 | 813 | 950 | 984 | 877 | 953 | 968 | 827 | 866 | 840 | 801 | 914 | 800 | 901 | 977 | 850 | 927 | 850 | 941 | 961 | 971 | 967 | 885 | 921 | 849 | 934 | 955 | 958 | 879 | 947 | 987 | 863 | 826 | 955 | 913 | 813 | 810 | 832 | 927 | 965 | 806 | 899 | 850 | 996 | 882 | 813 | 827 | 950 | 975 | 808 | 873 | 995 | 994 | 832 | 998 | 835 |
----------------------------------------------------------------------------------------------------------------------------------------------------------------------------------------------------------------------------------------------------------------------------------------------------------------------------------------------------------------------------------------------------------------------------------------------------------------------------------------------------
   | 849 | 825 | 890 | 855 | 924 | 991 | 867 | 949 | 931 | 809 | 932 | 904 | 959 | 956 | 858 | 978 | 984 | 906 | 879 | 931 | 895 | 924 | 835 | 930 | 893 | 995 | 896 | 805 | 918 | 821 | 801 | 842 | 953 | 888 | 877 | 844 | 967 | 915 | 822 | 897 | 966 | 909 | 889 | 944 | 880 | 876 | 884 | 907 | 875 | 814 | 895 | 815 | 908 | 803 | 883 | 953 | 931 | 868 | 860 | 880 | 959 | 831 | 852 | 999 | 958 | 949 | 881 | 927 | 856 | 833 | 813 | 930 | 879 | 966 | 891 | 857 | 928 | 837 | 892 | 957 |
----------------------------------------------------------------------------------------------------------------------------------------------------------------------------------------------------------------------------------------------------------------------------------------------------------------------------------------------------------------------------------------------------------------------------------------------------------------------------------------------------
| 997 | 983 | 961 | 981 | 983 | 845 | 891 | 804 | 919 | 985 | 946 | 937 | 916 | 828 | 892 | 853 | 980 | 828 | 832 | 931 | 945 | 940 | 831 | 908 | 844 | 882 | 841 | 981 | 915 | 967 | 948 | 857 | 846 | 957 | 851 | 811 | 925 | 992 | 980 | 806 | 911 | 897 | 906 | 955 | 890 | 926 | 880 | 983 | 912 | 887 | 881 | 987 | 922 | 954 | 859 | 829 | 930 | 853 | 910 | 930 | 883 | 876 | 991 | 887 | 978 | 940 | 800 | 967 | 915 | 923 | 800 | 830 | 849 | 834 | 863 | 915 | 983 | 843 | 924 | 958 |
----------------------------------------------------------------------------------------------------------------------------------------------------------------------------------------------------------------------------------------------------------------------------------------------------------------------------------------------------------------------------------------------------------------------------------------------------------------------------------------------------
   | 822 | 902 | 861 | 836 | 992 | 881 | 933 | 942 | 907 | 850 | 903 | 824 | 803 | 963 | 908 | 863 | 861 | 823 | 850 | 950 | 838 | 983 | 816 | 843 | 994 | 819 | 863 | 864 | 907 | 988 | 941 | 801 | 867 | 889 | 946 | 986 | 833 | 939 | 912 | 896 | 896 | 832 | 859 | 874 | 968 | 819 | 874 | 951 | 904 | 910 | 933 | 885 | 975 | 835 | 887 | 826 | 987 | 942 | 999 | 969 | 828 | 854 | 986 | 822 | 841 | 929 | 971 | 913 | 898 | 816 | 830 | 862 | 877 | 945 | 887 | 918 | 907 | 973 | 976 | 977 |
----------------------------------------------------------------------------------------------------------------------------------------------------------------------------------------------------------------------------------------------------------------------------------------------------------------------------------------------------------------------------------------------------------------------------------------------------------------------------------------------------
| 877 | 863 | 938 | 977 | 928 | 844 | 931 | 923 | 974 | 868 | 912 | 963 | 809 | 979 | 919 | 852 | 851 | 883 | 914 | 997 | 804 | 912 | 840 | 945 | 931 | 834 | 836 | 826 | 879 | 960 | 941 | 906 | 892 | 984 | 891 | 979 | 908 | 813 | 894 | 816 | 825 | 920 | 938 | 817 | 921 | 898 | 988 | 836 | 843 | 845 | 961 | 973 | 980 | 870 | 977 | 857 | 987 | 887 | 874 | 939 | 927 | 943 | 967 | 833 | 879 | 829 | 910 | 802 | 886 | 817 | 920 | 866 | 805 | 852 | 885 | 893 | 912 | 981 | 934 | 886 |
----------------------------------------------------------------------------------------------------------------------------------------------------------------------------------------------------------------------------------------------------------------------------------------------------------------------------------------------------------------------------------------------------------------------------------------------------------------------------------------------------
   | 831 | 840 | 814 | 869 | 806 | 800 | 994 | 998 | 892 | 817 | 997 | 978 | 941 | 945 | 809 | 937 | 847 | 830 | 887 | 858 | 989 | 870 | 936 | 948 | 805 | 949 | 881 | 960 | 872 | 841 | 932 | 999 | 894 | 864 | 954 | 892 | 831 | 948 | 886 | 815 | 982 | 966 | 815 | 866 | 861 | 925 | 895 | 860 | 817 | 891 | 904 | 927 | 812 | 868 | 905 | 864 | 875 | 859 | 990 | 826 | 800 | 848 | 828 | 846 | 888 | 834 | 812 | 824 | 922 | 905 | 923 | 986 | 816 | 966 | 831 | 946 | 827 | 826 | 930 | 884 |
----------------------------------------------------------------------------------------------------------------------------------------------------------------------------------------------------------------------------------------------------------------------------------------------------------------------------------------------------------------------------------------------------------------------------------------------------------------------------------------------------
